cat_id
15011312
15011805
15011804
15011803
15011802
220210
15011903
15011904
15011914
15011909
211120
211102
15011912
15011905
21111111
21111110
2630
2605
2602
2652
2613
2622
2604
2635
2614
2641
2617
2623
2608
2610
2656
150102
2631
2607
2606
2653
2638
2636
264702
264703
2655
2634
15010102
15010501
15010101
29909
29907
29904
29901
29905
29908
29912
29902
15010107
15010103
15011409
15011408
15011407
40607
15011404
40306
15011403
15011401
15011402
4050703
40611
180612
264802
2643
2012
2620
2644
2628
2642
2615
2639
15010510
150108
15010508
15010105
15012203
15010512
15010507
150120
15010511
15010506
15010503
150104
15371108
15010513
15012202
151311
15012201
15010514
6370902
6370603
6371708
6371707
6371703
6370701
63405
6370706
6370708
6370709
6370717
5090510
380206
151201
623
63719
6370713
1910
1909
1901
500414
2657
1915
500405
1902
1908
1906
380210
6372022
6372007
6372016
6372005
6372014
6372006
39050101
6372010
6372011
6372012
1507
1903
721
5090201
5090301
5090309
5090320
5090213
5090312
5090212
5090311
5090210
5090310
5090214
5090321
5090313
5090333
5090332
5090211
52804
5090216
5090218
5090219
5090215
380230
5090207
5090323
5090318
5090319
5090314
5090209
70402
28420314
28420313
28420301
284346
712
28420311
28420303
28420312
284341
28420308
28420310
28420305
28420307
5091002
28420302
284336
71003
71004
71002
71001
70405
70105
723
702
70502
70501
70503
63705
70507
71106
71108
70810
380201
380203
380110
152408
71109
71107
71902
71112
70805
71103
71105
70809
71110
71102
70804
70811
71402
7070907
70710
70712
7070908
71007
70720
70701
70706
70705
70716
7070902
70702
70708
70713
720
70707
70718
71111
7070903
70714
71403
70715
7070901
70704
70703
70711
52808
70717
380204
71802
71803
71801
180603
70801
180606
500602
6440603
6440601
6440602
6440605
64431
64433
64414
60108
64402
64418
64428
64409
64405
64419
64430
64403
64423
64404
64408
13240125
64421
64422
64415
64416
64425
64424
64427
64432
64410
64435
64417
64434
64426
64429
6371203
500601
647
640
64303
64306
6300421
639
6300403
611
606
6300404
64302
15230411
6300401
6300422
63005
63009
63007
6300423
6300417
15230308
612
6300411
63003
64311
6300420
6300413
6300419
64301
64310
13240221
617
63312
28290204
63307
63303
3314
63306
63309
63301
63010
154004
609
60304
14200312
63006
63020
62612
63013
63018
6371602
500502
632
6371101
121226
63710
63715
6371204
6371205
63704
500702
500704
15011913
230648
204009
204008
204010
204006
204005
204007
204012
200318
203430
203425
203427
203102
3220715
200317
200319
203429
203513
203514
203512
203503
203538
203529
203537
200325
203539
203543
203531
203530
203532
203535
203534
203533
203536
203507
200314
240459
240411
240409
240444
240458
240439
240426
240434
240429
240404
240430
240433
240450
152410
13040906
150410
240437
240454
240449
181010
240460
240438
39050201
181620
240436
240415
240457
240417
240414
240416
240418
240413
240424
1531
240412
240445
15230310
240443
240447
240410
240407
240453
39050303
390505
240451
370601
240452
240405
13240602
240432
240446
240435
181007
181014
181012
181013
181037
181021
181041
181034
182302
181002
181011
181044
181009
181040
181001
181018
181003
181032
181022
181038
181025
181015
181026
181024
181004
181030
181042
182301
302126
302114
302118
302117
302116
182303
180312
180301
180310
181607
180317
180311
180316
180304
180314
180306
181615
181614
181616
302121
203601
200331
200337
203603
200313
200330
200311
200335
203604
205105
2016
200333
200316
200324
200329
203109
200338
200339
200341
2023
3220728
200340
182422
2030
182406
200315
401010
201302
380602
380699
380630
380650
380603
380601
302110
302119
302104
302123
302127
302111
302125
181605
2017
2006
20060102
3423
204603
200332
204103
203103
204304
204301
204303
204302
204204
204201
202701
202712
202705
203106
202708
202710
202702
202709
202704
20818
20814
20807
20812
20816
20813
20804
20809
20823
20808
20805
20821
20820
20811
20817
20806
20803
20810
20801
202412
30124
30125
34305
340
361230
182601
30130
30112
30129
30126
30101
30102
3220707
3220704
20060199
30120
3220706
3220727
3220729
20060107
3220705
20060103
3220725
34304
3220708
3220712
3220702
3220710
3220703
3220722
203105
30128
30106
30123
3011806
3011803
3011802
3011801
3011805
3011808
30122
203302
203108
203303
203701
2022
1819
203305
3220724
30127
203315
3220723
203304
203310
203104
203313
203308
182418
182419
182415
182416
182421
182420
182401
200336
182413
182403
182409
182408
182407
182405
202409
202410
202411
202423
200601
202422
30121
202404
202414
202405
202427
202406
202407
202413
20060106
3081801
202425
202426
162518
162519
205501
203406
203405
203417
200308
203419
200320
200321
203403
203443
203434
203401
203422
203423
203420
122220
122218
122206
122223
122215
122222
342409
122216
122202
122214
122201
122205
122211
122217
122219
122209
342403
122213
122203
122212
122208
182102
122221
342419
15011605
342410
342417
342402
342404
342413
342406
342421
342420
342407
342411
342418
3011807
342401
342415
342405
342414
342412
3080803
3080807
3080809
3080801
3080802
3080804
3080806
3080808
3080810
3200607
281809
281806
281808
281801
3200606
3200605
3200610
281803
281804
281807
3200603
3200601
3200608
1754
3200609
32001
32007
3200604
32005
32713
281811
3200602
33402
32002
3600104
281810
281815
32003
1319
21806
2181903
2181901
2181904
2181905
21809
21801
2181906
2181902
236
2181702
2181705
2181704
2181703
2181701
2181706
2181802
21810
21804
21811
23002
2181801
24001
21306
2180313
21803
2181602
2180317
2181601
2181603
2180315
2180318
2180314
2180316
2180309
2180305
2180310
2180308
2180311
2181501
21813
21812
2181406
2181405
2181403
2181404
2181402
2181401
10902
1091205
1091203
1091206
1091201
1091202
1091204
10911
10905
10903
10904
23403
228
23402
23401
10201
10609
10704
10701
10705
10702
10703
20201
20403
20409
20402
202
21102
2110110
21101
21104
2110304
2110308
2110104
2110301
2110310
20905
20901
20910
20904
21301
20906
20911
21303
20912
20909
20914
20902
20903
20913
22213
22219
22214
22208
22211
22210
22215
23901
222
22216
22218
22212
22217
22209
23808
23811
23807
23806
23802
23803
23805
23810
23801
23804
23809
20412
23703
23704
23702
21105
23507
224
216
2300103
2350501
2300104
23001
23502
21304
2300102
2300105
23009
2300106
207
2350602
215
2350603
2350601
2350605
2350604
2350606
23007
21302
212
219
81904
81912
81905
81908
23013
23012
81901
81909
23004
81906
81999
226
81907
23011
81911
81910
23003
81902
23006
23014
104
30003
23301
300
23302
210
201
20519
20523
20512
20524
20518
20520
20513
20515
20517
20514
2350401
205
20521
20516
21402
21401
21404
21406
21405
10606
21403
23503
23501
15252701
152519
152516
32809
32810
42315
427
32806
32812
152515
15252401
152513
152511
152512
152506
21111105
211138
21111108
211136
21111112
211140
21111109
211139
21111106
211134
211135
21111199
211125
21111102
170416
211123
211133
152505
15252501
152514
152529
15250901
15250907
15250903
15250902
152522
15250905
15250904
152503
152528
1751
152508
152518
15252601
152520
152504
408
152502
15252301
15251002
15251001
15251003
152501
152517
175506
175511
175512
175505
175504
1763
175501
175510
1702
1740
175503
175508
175509
230105
176203
380540
176201
172002
172004
2618
174101
1905
170711
170706
170710
1738
170716
170717
170701
170708
230624
170703
170713
1725
1759
1736
1746
170718
170702
172408
180507
180524
180523
180505
180535
180520
180537
180544
180557
180522
180562
180565
180563
180536
180515
180572
180514
180512
180542
180518
180539
180533
180546
162601
152602
152613
152611
152612
152607
152608
152601
152606
1526099
162811
162801
162810
162809
162804
162604
162605
162803
162805
162806
152610
152604
152605
152609
3501
350601
3505
900502
2211
220203
220201
220241
220207
220206
220229
220202
220205
220232
220211
220242
3504
2205
1809
180610
180613
180607
180699
180609
180602
180616
2180403
1750
1140501
176601
220228
7601
35514
307
3120602
30113
30105
30104
30110
34301
30111
30107
30199
3220713
580301
35808
32213
3220411
32205
35804
35805
3220413
35806
35809
3220416
32202
3220409
35703
32206
3220404
35702
35705
32219
32299
3121207
31202
3121206
3121204
3121201
3121208
30602
35506
30503
30509
348
35509
35502
35501
35510
3121205
36607
36612
36608
3550403
3551301
3550406
3550404
3550401
3550402
35513
3550405
35504
34703
34702
34705
34707
32707
34701
34704
32819
34706
32508
3450103
3450205
3450110
3450101
3121001
3450114
31210
34507
3450111
3450107
3450511
3450105
3450112
3450104
3450108
32302
3121101
351
323
31299
31206
304
31205
31201
31207
349
306
315
303
30504
35402
317
332
319
331
35401
31303
31310
31308
31304
31301
31311
31302
352
31305
31309
318
314
35404
31208
3121104
336
36601
36611
36602
31116
3100601
31015
31010
31013
31012
31002
31004
31099
32203
31011
31003
282613
31017
31016
15011308
31006
32701
31014
31119
3111703
31123
3111714
3111710
3111709
31122
3111702
3111704
3111701
30603
31107
31110
33403
3112501
31121
31106
31103
31109
31111
3112503
31102
31104
3110804
3110803
3110805
3110801
31115
3110806
31114
3110802
31019
3110510
3110504
3110503
3110508
3110506
3110511
31199
31001
31112
31113
3661304
3661303
3221217
3221205
3221214
3221207
3221208
3221299
3221206
3221211
3221201
31101
580303
580305
580306
580304
151405
151401
1510
40307
161608
283090
264803
1632
400916
400917
16030604
16030606
16030603
16030605
16030601
401012
401013
1602
160323
118
160326
160302
160335
160324
160330
160310
160315
160318
160311
160301
160327
160336
160303
160307
160328
160317
160309
160416
160331
160320
160334
160332
160322
160316
162403
160409
401220
401221
401239
401203
401205
401204
401206
160405
401208
401210
401241
401209
160402
160412
401212
1608
401213
160404
160313
401218
160319
160314
401215
160413
160325
160312
401235
401228
160333
160308
401227
401225
160406
160321
401223
160410
160305
160411
160304
401237
401202
401240
160401
401233
401232
401231
401230
160417
53004
810701
410612
13240223
13240208
13240510
130116
130106
130184
130103
13240219
13240216
13240217
13240225
13240206
13240224
13240115
1363
13240305
13240101
13240112
810305
13073206
130301
131903
130302
134209
420506
420514
420509
14201515
420517
420526
4201
420515
420527
420508
420505
420510
420503
420501
1343
13261304
13070108
13070105
131108
13070501
810801
810103
13241401
621
13100639
13240405
13240409
13240414
13240408
13240415
13240402
13240416
142210
14220108
142202
130518
15380331
153808
15380327
301010
301011
15380311
15380313
15380306
15380307
1336
15380314
301306
130516
15380323
153809
15380325
163403
163402
1609
163401
163404
163601
163503
163501
163502
162219
162220
162209
162218
162208
162201
162514
162203
162214
162226
162515
162204
162217
162221
162224
162206
162210
162202
162222
162205
162228
162211
36090307
1629
162512
162528
16252501
162517
162526
16252405
1620
162508
162535
162521
162534
162536
162523
162530
162538
162537
162527
162502
162520
162532
162513
162507
162510
162511
162522
162506
162509
162505
162503
162501
162504
162539
1630
15010106
15131003
163302
330404
161604
161612
161609
161605
161603
161610
161611
161607
161602
161601
361220
162302
361210
162301
361250
361260
162303
162305
162304
36127030
36127010
36127099
36127040
36127020
161805
332102
330624
332103
332101
331502
3309
330901
330406
330401
330618
330620
3310
330615
3303
16221301
330405
330403
330409
3302
330604
330625
330601
330608
330603
330607
330602
330616
330626
330609
330605
330606
3322
330613
331701
330701
331705
330702
330710
330715
330712
330707
330725
330713
331702
330716
330719
330724
330703
330718
330706
330727
330704
331802
331803
331801
330621
162401
331902
331903
331901
163801
1767
16100401
16100404
16100402
16100403
161008
161007
161006
16131201
161009
161005
161003
161001
330102
330105
330108
330101
330110
330103
330104
330107
15010504
330106
330109
8210111
8210109
8210105
8210110
8210121
8210106
8210114
330610
8210107
8210123
8210128
8210108
8210102
8210104
8210112
8210113
8210116
8210120
8210117
8210103
8210131
8210129
8210125
3320
8210127
8210101
331206
331205
331207
331201
331204
331202
170705
331203
15131002
330619
15131004
15131001
82103
330623
330408
330622
172001
330402
330512
330511
330508
330504
330501
330505
330502
330503
330506
330510
330509
151313
151399
15130804
15130801
15130802
15130803
151304
15130902
151302
151301
151305
151307
15130901
151312
330617
331503
163701
161812
3308
161808
161809
161811
161810
161806
16180104
16180107
16180103
16180114
161807
161813
16180115
161804
920201
211113
15011910
21111104
211118
15011901
15011907
15011906
15011908
21111113
211119
180615
211122
211124
211302
211121
211108
211126
211101
211116
211127
212102
212101
21110705
211201
211109
21110708
211129
21110709
211304
211110
211137
21110711
211132
211114
211131
143201
211199
211301
211112
211104
2112
211105
211103
212201
301902
270241
270235
270233
270240
270237
270257
270234
270236
270238
270245
270239
270242
271610
271609
271605
271603
271602
271606
271604
271612
270255
181206
270228
270202
181208
181209
270256
270225
270253
2703
181204
270205
270251
181201
181205
270258
270207
270215
270217
270224
270220
270210
270223
270219
270204
270249
2701
180305
270259
15031503
15031501
15031502
151605
322100399
8210512
322100303
3221023
3221022
322100302
3220906
322100301
82111
8211401
82106
8211301
8210510
151402
151408
151403
151417
151404
8210502
151414
151416
151406
613
151412
82105
151415
151409
151413
151407
82104
151607
151609
151804
12508
151802
151801
40508
151803
1520
40599
15230401
4051001
40505
4050705
15230413
40303
16252401
40605
40699
40606
40603
40609
40501
40602
40608
40601
40310
40301
40309
40305
40504
421401
40506
371017
154002
1523
4050201
4050203
15380322
4050205
4050202
4050206
301101
153501
300410
302306
153503
301305
3029
153504
153502
151906
800507
1250353
152306
1252401
130109
1250402
130125
12514
12520
1140216
12410
1140105
12409
1140115
12412
15050215
150510
15050208
15050214
15050212
1804
1008
15230311
380610
240428
152302
15230313
151701
380410
15230503
154108
151601
15230502
154102
15230442
154101
1708
150204
15230501
154006
154005
154012
154099
154009
130121
154001
154011
130114
130122
130115
154010
154007
154003
152103
15230406
152107
152106
152201
15230309
152203
152217
150205
152299
152104
152219
152207
152212
152101
150206
15230438
152211
152220
240607
150201
152206
152204
15230319
152215
152218
150207
152209
152210
152105
152208
152102
152216
152221
152108
152301
150203
15230439
15230446
15230414
15230433
15230418
15230424
15230505
63015
15230415
15230443
6300410
15230430
15230423
15230425
15230436
15230447
15230428
15230421
15230408
15230409
15230434
15230403
15230445
15230449
15230429
15230404
15230441
15230499
15230412
15230410
15230422
15230426
15230431
15230444
15230420
15230432
15230419
15230405
15230427
15230416
15230448
15230435
15230440
15230305
15230318
15230306
15230304
15230312
150202
15230315
15230303
152202
15230316
15230399
6300406
15230302
15230317
15230307
15230314
15230322
15230321
152904
15230402
152903
152910
152912
152908
15230407
152906
15030906
15030905
12509
370606
2010
370603
370604
370605
370824
370342
370823
370808
370825
371104
371103
15030604
371107
371105
370802
371106
371102
15030616
370827
15030603
81105
3708099
370826
152899
152805
36110740
152808
362830
153901
15040606
15040608
39050503
39050506
15040602
15040604
39050599
15040605
39050509
39050502
150402
15040603
39050505
15040607
39050501
150403
170408
371005
170406
170417
170411
170413
170414
170412
170401
170409
170407
1140507
1140505
371023
371010
371008
371012
371011
371020
1739
371025
1705
150404
371021
1706
371035
39050504
371006
371024
371027
131404
371036
371022
15030323
172805
1731
271611
371016
371031
1140112
12405
371003
15230437
16102
16101
16103
15050207
15050206
15050213
15050205
15050203
15050201
15050209
15050211
32714
3081802
182202
690101
690102
30807
30806
3081803
180307
3082001
181301
690403
3082002
240455
152401
340403
690501
181613
690601
180303
301901
181604
302124
360950
152406
32599
32503
31307
152499
380530
152402
152411
152407
152403
152415
36110730
36110710
380520
36306
380501
36301
36302
15240504
36304
36305
31126
32705
36307
36308
36090302
36090305
15090303
36090306
36090309
36090308
36090310
15090305
36090303
36090301
36090399
380310
33916
33914
33903
33902
32801
33905
324
3390113
152413
151105
32602
152405
33906
1527
33918
33915
32715
32710
32719
32717
32716
32702
32708
3390101
3261
33911
33908
211115
33904
3390103
3390109
3390111
3390107
3390104
3390112
3390105
3390106
3390114
3390199
203101
12020399
12020301
12020310
12020309
12020302
12020306
12020304
12020307
12020311
12020305
120224
33805
33806
33804
33802
33809
33803
33808
33807
3220401
121267
3408
340606
340609
340612
340605
340614
340621
340617
340613
340615
340604
340607
340616
340608
340610
340611
340602
120311
121266
3407
342604
342603
120219
342601
341403
341404
341402
341401
121261
121215
801224
80120209
801219
341576
121244
121249
12126901
121255
121265
121246
121242
121270
121234
12120102
12120103
121217
121248
370602
121231
121254
12126401
121251
12126402
121253
121262
121241
121256
121202
121263
121230
121225
121228
121224
12126803
12123210
121237
12123209
12123205
12123211
12123207
12123208
12123203
12125901
12125903
12125904
12125905
410202
12125902
121247
121250
121236
121245
121221
341616
341606
341626
341610
341605
341608
341630
341604
341602
341607
341202
341201
341203
341205
341603
341609
341621
341629
341611
341613
341023
341016
341020
341021
341024
341022
341018
341019
341015
341005
5091003
5091001
340404
380250
340413
340412
340423
121240
340433
340430
340434
340406
340414
1210
340408
340499
340411
340438
340426
340425
340407
340418
340416
340409
121243
340424
121238
340437
340421
340431
340419
340415
340422
12110205
12110201
12110204
12021004
12021006
12021005
120223
12021001
140311
550205
550204
12020421
120243
12021003
12021002
341578
341598
341503
341505
341579
12020414
341632
12020415
12020428
341580
341567
12021511
12020419
341596
120242
120221
12021008
120214
120244
120245
341540
12020420
12020506
12020503
12020501
12020508
12020502
12020505
12020504
12020507
12021505
12021503
12021507
12021508
12021512
12021513
12021501
12021506
120217
12021502
12020613
12020610
12020612
12020605
12020606
12020611
12020604
121207
12020602
12020603
390303
12020601
341568
341520
12023705
12023701
12023703
120207
12023702
12023704
12023707
121212
341552
341551
341627
12122901
341585
120235
341631
341550
341549
12020409
12020401
12020422
12020403
12020402
12020426
12020425
550207
12020423
550208
12020410
12020413
12020406
12020411
12021602
12021603
12021605
12021606
12021604
12021607
12021601
120202
341581
120222
120231
120239
120229
120228
120230
341633
341618
342216
341528
120232
341566
341535
341536
120236
341600
341523
341599
120209
341583
342206
341588
120220
341587
341554
341556
120213
12023807
12021007
12023808
12023816
342203
1202071
12023806
341564
121216
341539
341593
341547
12023803
12023820
12023811
12023805
12020427
341524
12020405
12020412
12020404
12020416
12020418
34160104
12020429
34160103
34160101
12020408
12020407
550211
12020417
550210
550202
